<?xml version="1.0"?>
<opencv_storage>
<transR type_id="opencv-matrix">
  <rows>3</rows>
  <cols>3</cols>
  <dt>d</dt>
  <data>
    -9.9999999999994293e-01 3.3717479391848210e-07 0. 0. 0.
    9.9999999999999978e-01 3.3717479391848210e-07 9.9999999999994316e-01
    0.</data></transR>
<transT type_id="opencv-matrix">
  <rows>4</rows>
  <cols>1</cols>
  <dt>d</dt>
  <data>
    -3.3717479391848210e-07 1.9999999999999996e+00
    -9.9999999999994316e-01 1.</data></transT>
<RT type_id="opencv-matrix">
  <rows>4</rows>
  <cols>4</cols>
  <dt>d</dt>
  <data>
    -9.9999999999994293e-01 3.3717479391848210e-07 0.
    -3.3717479391848210e-07 0. 0. 9.9999999999999978e-01
    1.9999999999999996e+00 3.3717479391848210e-07 9.9999999999994316e-01
    0. -9.9999999999994316e-01 0. 0. 0. 1.</data></RT>
</opencv_storage>
