<?xml version="1.0"?>
<opencv_storage>
<transR type_id="opencv-matrix">
  <rows>3</rows>
  <cols>3</cols>
  <dt>d</dt>
  <data>
    3.5762788996861566e-07 -9.9999999999993605e-01 0. 0. 0. 1.
    -9.9999999999993605e-01 -3.5762788996861566e-07 0.</data></transR>
<transT type_id="opencv-matrix">
  <rows>4</rows>
  <cols>1</cols>
  <dt>d</dt>
  <data>
    3.5762788996861566e-07 2. -9.9999999999993605e-01 1.</data></transT>
<RT type_id="opencv-matrix">
  <rows>4</rows>
  <cols>4</cols>
  <dt>d</dt>
  <data>
    3.5762788996861566e-07 -9.9999999999993605e-01 0.
    3.5762788996861566e-07 0. 0. 1. 2. -9.9999999999993605e-01
    -3.5762788996861566e-07 0. -9.9999999999993605e-01 0. 0. 0. 1.</data></RT>
</opencv_storage>
